0x3b 0x08 0x02 0x16 0x3b 0x04 0x2a 0x28 
player[0] cards[[0x41 0x22 0x31 0x3a 0x39 0x37 0x33 0x2d 0x2d 0x2c 0x27 0x26 0x25 0x1b 0x19 0x15 0x15 0x14 0x0b 0x0a 0x08 0x07 0x06 0x05 0x04 ]] 
player[1] cards[[0x42 0x02 0x3c 0x3c 0x3a 0x39 0x38 0x35 0x34 0x2c 0x26 0x23 0x11 0x1d 0x1d 0x1c 0x1a 0x19 0x17 0x13 0x01 0x0c 0x09 0x07 0x03 ]] 
player[2] cards[[0x41 0x32 0x12 0x12 0x37 0x36 0x36 0x35 0x34 0x33 0x21 0x2b 0x2a 0x29 0x27 0x1a 0x17 0x01 0x0d 0x0d 0x0c 0x0a 0x09 0x06 0x03 ]] 
player[3] cards[[0x42 0x32 0x22 0x31 0x3d 0x3d 0x38 0x21 0x2b 0x29 0x28 0x25 0x24 0x24 0x23 0x11 0x1c 0x1b 0x18 0x18 0x16 0x14 0x13 0x0b 0x05 ]] 

51  0  1  2  3  4  5  6  7  8  9 10 11 
51 13 14 15 16 17 18 19 20 21 22 23 24 
51 26 27 28 29 30 31 32 33 34 35 36 37 
51 39 40 41 42 43 44 45 46 47 48 49 50 
52 53 

12 52  1  2  3  4  5  6  7  8  9 10 11 
25 52 14 15 16 17 18 19 20 21 22 23 24 
38 52 27 28 29 30 31 32 33 34 35 36 37 
51 52 40 41 42 43 44 45 46 47 48 49 50 
53 54 

12  1 52  2  3  4  5  6  7  8  9 10 11 
25 14 52 15 16 17 18 19 20 21 22 23 24 
38 27 52 28 29 30 31 32 33 34 35 36 37 
51 40 52 41 42 43 44 45 46 47 48 49 50 
53 54 

12  1  2 52  3  4  5  6  7  8  9 10 11 
25 14 15 52 16 17 18 19 20 21 22 23 24 
38 27 28 52 29 30 31 32 33 34 35 36 37 
51 40 41 52 42 43 44 45 46 47 48 49 50 
53 54 

12  1  2  3 52  4  5  6  7  8  9 10 11 
25 14 15 16 52 17 18 19 20 21 22 23 24 
38 27 28 29 52 30 31 32 33 34 35 36 37 
51 40 41 42 52 43 44 45 46 47 48 49 50 
53 54 

12  1  2  3  4 52  5  6  7  8  9 10 11 
25 14 15 16 17 52 18 19 20 21 22 23 24 
38 27 28 29 30 52 31 32 33 34 35 36 37 
51 40 41 42 43 52 44 45 46 47 48 49 50 
53 54 

12  1  2  3  4  5 52  6  7  8  9 10 11 
25 14 15 16 17 18 52 19 20 21 22 23 24 
38 27 28 29 30 31 52 32 33 34 35 36 37 
51 40 41 42 43 44 52 45 46 47 48 49 50 
53 54 

12  1  2  3  4  5  6 52  7  8  9 10 11 
25 14 15 16 17 18 19 52 20 21 22 23 24 
38 27 28 29 30 31 32 52 33 34 35 36 37 
51 40 41 42 43 44 45 52 46 47 48 49 50 
53 54 

12  1  2  3  4  5  6  7 52  8  9 10 11 
25 14 15 16 17 18 19 20 52 21 22 23 24 
38 27 28 29 30 31 32 33 52 34 35 36 37 
51 40 41 42 43 44 45 46 52 47 48 49 50 
53 54 

12  1  2  3  4  5  6  7  8 52  9 10 11 
25 14 15 16 17 18 19 20 21 52 22 23 24 
38 27 28 29 30 31 32 33 34 52 35 36 37 
51 40 41 42 43 44 45 46 47 52 48 49 50 
53 54 

12  1  2  3  4  5  6  7  8  9 52 10 11 
25 14 15 16 17 18 19 20 21 22 52 23 24 
38 27 28 29 30 31 32 33 34 35 52 36 37 
51 40 41 42 43 44 45 46 47 48 52 49 50 
53 54 

12  1  2  3  4  5  6  7  8  9 10 52 11 
25 14 15 16 17 18 19 20 21 22 23 52 24 
38 27 28 29 30 31 32 33 34 35 36 52 37 
51 40 41 42 43 44 45 46 47 48 49 52 50 
53 54 

12  1  2  3  4  5  6  7  8  9 10 11 52 
25 14 15 16 17 18 19 20 21 22 23 24 52 
38 27 28 29 30 31 32 33 34 35 36 37 52 
51 40 41 42 43 44 45 46 47 48 49 50 52 
53 54 

52 39 40 41 42 43 44 45 46 47 48 49 50 
51  0  1  2  3  4  5  6  7  8  9 10 11 
51 13 14 15 16 17 18 19 20 21 22 23 24 
51 26 27 28 29 30 31 32 33 34 35 36 37 
53 54 

51 53 40 41 42 43 44 45 46 47 48 49 50 
12 52  1  2  3  4  5  6  7  8  9 10 11 
25 52 14 15 16 17 18 19 20 21 22 23 24 
38 52 27 28 29 30 31 32 33 34 35 36 37 
54 55 

51 40 53 41 42 43 44 45 46 47 48 49 50 
12  1 52  2  3  4  5  6  7  8  9 10 11 
25 14 52 15 16 17 18 19 20 21 22 23 24 
38 27 52 28 29 30 31 32 33 34 35 36 37 
54 55 

51 40 41 53 42 43 44 45 46 47 48 49 50 
12  1  2 52  3  4  5  6  7  8  9 10 11 
25 14 15 52 16 17 18 19 20 21 22 23 24 
38 27 28 52 29 30 31 32 33 34 35 36 37 
54 55 

51 40 41 42 53 43 44 45 46 47 48 49 50 
12  1  2  3 52  4  5  6  7  8  9 10 11 
25 14 15 16 52 17 18 19 20 21 22 23 24 
38 27 28 29 52 30 31 32 33 34 35 36 37 
54 55 

51 40 41 42 43 53 44 45 46 47 48 49 50 
12  1  2  3  4 52  5  6  7  8  9 10 11 
25 14 15 16 17 52 18 19 20 21 22 23 24 
38 27 28 29 30 52 31 32 33 34 35 36 37 
54 55 

51 40 41 42 43 44 53 45 46 47 48 49 50 
12  1  2  3  4  5 52  6  7  8  9 10 11 
25 14 15 16 17 18 52 19 20 21 22 23 24 
38 27 28 29 30 31 52 32 33 34 35 36 37 
54 55 

51 40 41 42 43 44 45 53 46 47 48 49 50 
12  1  2  3  4  5  6 52  7  8  9 10 11 
25 14 15 16 17 18 19 52 20 21 22 23 24 
38 27 28 29 30 31 32 52 33 34 35 36 37 
54 55 

51 40 41 42 43 44 45 46 53 47 48 49 50 
12  1  2  3  4  5  6  7 52  8  9 10 11 
25 14 15 16 17 18 19 20 52 21 22 23 24 
38 27 28 29 30 31 32 33 52 34 35 36 37 
54 55 

51 40 41 42 43 44 45 46 47 53 48 49 50 
12  1  2  3  4  5  6  7  8 52  9 10 11 
25 14 15 16 17 18 19 20 21 52 22 23 24 
38 27 28 29 30 31 32 33 34 52 35 36 37 
54 55 

51 40 41 42 43 44 45 46 47 48 53 49 50 
12  1  2  3  4  5  6  7  8  9 52 10 11 
25 14 15 16 17 18 19 20 21 22 52 23 24 
38 27 28 29 30 31 32 33 34 35 52 36 37 
54 55 

51 40 41 42 43 44 45 46 47 48 49 53 50 
12  1  2  3  4  5  6  7  8  9 10 52 11 
25 14 15 16 17 18 19 20 21 22 23 52 24 
38 27 28 29 30 31 32 33 34 35 36 52 37 
54 55 

51 40 41 42 43 44 45 46 47 48 49 50 53 
12  1  2  3  4  5  6  7  8  9 10 11 52 
25 14 15 16 17 18 19 20 21 22 23 24 52 
38 27 28 29 30 31 32 33 34 35 36 37 52 
54 55 

51 50  0  1  2  3  4  5  6  7  8  9 10 
51 50 13 14 15 16 17 18 19 20 21 22 23 
51 50 26 27 28 29 30 31 32 33 34 35 36 
51 50 39 40 41 42 43 44 45 46 47 48 49 
52 53 

 0  0  0  0  0  0  0  0  0  0  0  0  0 
 0  0  0  0  0  0  0  0  0  0  0  0  0 
 0  0  0  0  0  0  0  0  0  0  0  0  0 
 0  0  0  0  0  0  0  0  0  0  0  0  0 
 0  0 

11 51 52  1  2  3  4  5  6  7  8  9 10 
24 51 52 14 15 16 17 18 19 20 21 22 23 
37 51 52 27 28 29 30 31 32 33 34 35 36 
50 51 52 40 41 42 43 44 45 46 47 48 49 
53 54 

11 51  1 52  2  3  4  5  6  7  8  9 10 
24 51 14 52 15 16 17 18 19 20 21 22 23 
37 51 27 52 28 29 30 31 32 33 34 35 36 
50 51 40 52 41 42 43 44 45 46 47 48 49 
53 54 

11 51  1  2 52  3  4  5  6  7  8  9 10 
24 51 14 15 52 16 17 18 19 20 21 22 23 
37 51 27 28 52 29 30 31 32 33 34 35 36 
50 51 40 41 52 42 43 44 45 46 47 48 49 
53 54 

11 51  1  2  3 52  4  5  6  7  8  9 10 
24 51 14 15 16 52 17 18 19 20 21 22 23 
37 51 27 28 29 52 30 31 32 33 34 35 36 
50 51 40 41 42 52 43 44 45 46 47 48 49 
53 54 

11 51  1  2  3  4 52  5  6  7  8  9 10 
24 51 14 15 16 17 52 18 19 20 21 22 23 
37 51 27 28 29 30 52 31 32 33 34 35 36 
50 51 40 41 42 43 52 44 45 46 47 48 49 
53 54 

11 51  1  2  3  4  5 52  6  7  8  9 10 
24 51 14 15 16 17 18 52 19 20 21 22 23 
37 51 27 28 29 30 31 52 32 33 34 35 36 
50 51 40 41 42 43 44 52 45 46 47 48 49 
53 54 

11 51  1  2  3  4  5  6 52  7  8  9 10 
24 51 14 15 16 17 18 19 52 20 21 22 23 
37 51 27 28 29 30 31 32 52 33 34 35 36 
50 51 40 41 42 43 44 45 52 46 47 48 49 
53 54 

11 51  1  2  3  4  5  6  7 52  8  9 10 
24 51 14 15 16 17 18 19 20 52 21 22 23 
37 51 27 28 29 30 31 32 33 52 34 35 36 
50 51 40 41 42 43 44 45 46 52 47 48 49 
53 54 

11 51  1  2  3  4  5  6  7  8 52  9 10 
24 51 14 15 16 17 18 19 20 21 52 22 23 
37 51 27 28 29 30 31 32 33 34 52 35 36 
50 51 40 41 42 43 44 45 46 47 52 48 49 
53 54 

11 51  1  2  3  4  5  6  7  8  9 52 10 
24 51 14 15 16 17 18 19 20 21 22 52 23 
37 51 27 28 29 30 31 32 33 34 35 52 36 
50 51 40 41 42 43 44 45 46 47 48 52 49 
53 54 

11 51  1  2  3  4  5  6  7  8  9 10 52 
24 51 14 15 16 17 18 19 20 21 22 23 52 
37 51 27 28 29 30 31 32 33 34 35 36 52 
50 51 40 41 42 43 44 45 46 47 48 49 52 
53 54 

53 51 39 40 41 42 43 44 45 46 47 48 49 
52 50  0  1  2  3  4  5  6  7  8  9 10 
52 50 13 14 15 16 17 18 19 20 21 22 23 
52 50 26 27 28 29 30 31 32 33 34 35 36 
54 55 

 0  0  0  0  0  0  0  0  0  0  0  0  0 
 0  0  0  0  0  0  0  0  0  0  0  0  0 
 0  0  0  0  0  0  0  0  0  0  0  0  0 
 0  0  0  0  0  0  0  0  0  0  0  0  0 
 0  0 

50 52 54 40 41 42 43 44 45 46 47 48 49 
11 51 53  1  2  3  4  5  6  7  8  9 10 
24 51 53 14 15 16 17 18 19 20 21 22 23 
37 51 53 27 28 29 30 31 32 33 34 35 36 
55 56 

50 52 40 54 41 42 43 44 45 46 47 48 49 
11 51  1 53  2  3  4  5  6  7  8  9 10 
24 51 14 53 15 16 17 18 19 20 21 22 23 
37 51 27 53 28 29 30 31 32 33 34 35 36 
55 56 

50 52 40 41 54 42 43 44 45 46 47 48 49 
11 51  1  2 53  3  4  5  6  7  8  9 10 
24 51 14 15 53 16 17 18 19 20 21 22 23 
37 51 27 28 53 29 30 31 32 33 34 35 36 
55 56 

50 52 40 41 42 54 43 44 45 46 47 48 49 
11 51  1  2  3 53  4  5  6  7  8  9 10 
24 51 14 15 16 53 17 18 19 20 21 22 23 
37 51 27 28 29 53 30 31 32 33 34 35 36 
55 56 

50 52 40 41 42 43 54 44 45 46 47 48 49 
11 51  1  2  3  4 53  5  6  7  8  9 10 
24 51 14 15 16 17 53 18 19 20 21 22 23 
37 51 27 28 29 30 53 31 32 33 34 35 36 
55 56 

50 52 40 41 42 43 44 54 45 46 47 48 49 
11 51  1  2  3  4  5 53  6  7  8  9 10 
24 51 14 15 16 17 18 53 19 20 21 22 23 
37 51 27 28 29 30 31 53 32 33 34 35 36 
55 56 

50 52 40 41 42 43 44 45 54 46 47 48 49 
11 51  1  2  3  4  5  6 53  7  8  9 10 
24 51 14 15 16 17 18 19 53 20 21 22 23 
37 51 27 28 29 30 31 32 53 33 34 35 36 
55 56 

50 52 40 41 42 43 44 45 46 54 47 48 49 
11 51  1  2  3  4  5  6  7 53  8  9 10 
24 51 14 15 16 17 18 19 20 53 21 22 23 
37 51 27 28 29 30 31 32 33 53 34 35 36 
55 56 

50 52 40 41 42 43 44 45 46 47 54 48 49 
11 51  1  2  3  4  5  6  7  8 53  9 10 
24 51 14 15 16 17 18 19 20 21 53 22 23 
37 51 27 28 29 30 31 32 33 34 53 35 36 
55 56 

50 52 40 41 42 43 44 45 46 47 48 54 49 
11 51  1  2  3  4  5  6  7  8  9 53 10 
24 51 14 15 16 17 18 19 20 21 22 53 23 
37 51 27 28 29 30 31 32 33 34 35 53 36 
55 56 

50 52 40 41 42 43 44 45 46 47 48 49 54 
11 51  1  2  3  4  5  6  7  8  9 10 53 
24 51 14 15 16 17 18 19 20 21 22 23 53 
37 51 27 28 29 30 31 32 33 34 35 36 53 
55 56 

49  0  0  0  1  2  3  4  5  6  7  8  9 
49 13  0  0 14 15 16 17 18 19 20 21 22 
49 26  0  0 27 28 29 30 31 32 33 34 35 
49 39  0  0 40 41 42 43 44 45 46 47 48 
50 51 

10 50  0  0  1  2  3  4  5  6  7  8  9 
23 50  0  0 14 15 16 17 18 19 20 21 22 
36 50  0  0 27 28 29 30 31 32 33 34 35 
49 50  0  0 40 41 42 43 44 45 46 47 48 
51 52 

 0  0  0  0  0  0  0  0  0  0  0  0  0 
 0  0  0  0  0  0  0  0  0  0  0  0  0 
 0  0  0  0  0  0  0  0  0  0  0  0  0 
 0  0  0  0  0  0  0  0  0  0  0  0  0 
 0  0 

 0  0  0  0  0  0  0  0  0  0  0  0  0 
 0  0  0  0  0  0  0  0  0  0  0  0  0 
 0  0  0  0  0  0  0  0  0  0  0  0  0 
 0  0  0  0  0  0  0  0  0  0  0  0  0 
 0  0 

10  1  0  0 50  2  3  4  5  6  7  8  9 
23 14  0  0 50 15 16 17 18 19 20 21 22 
36 27  0  0 50 28 29 30 31 32 33 34 35 
49 40  0  0 50 41 42 43 44 45 46 47 48 
51 52 

10  1  0  0  2 50  3  4  5  6  7  8  9 
23 14  0  0 15 50 16 17 18 19 20 21 22 
36 27  0  0 28 50 29 30 31 32 33 34 35 
49 40  0  0 41 50 42 43 44 45 46 47 48 
51 52 

10  1  0  0  2  3 50  4  5  6  7  8  9 
23 14  0  0 15 16 50 17 18 19 20 21 22 
36 27  0  0 28 29 50 30 31 32 33 34 35 
49 40  0  0 41 42 50 43 44 45 46 47 48 
51 52 

10  1  0  0  2  3  4 50  5  6  7  8  9 
23 14  0  0 15 16 17 50 18 19 20 21 22 
36 27  0  0 28 29 30 50 31 32 33 34 35 
49 40  0  0 41 42 43 50 44 45 46 47 48 
51 52 

10  1  0  0  2  3  4  5 50  6  7  8  9 
23 14  0  0 15 16 17 18 50 19 20 21 22 
36 27  0  0 28 29 30 31 50 32 33 34 35 
49 40  0  0 41 42 43 44 50 45 46 47 48 
51 52 

10  1  0  0  2  3  4  5  6 50  7  8  9 
23 14  0  0 15 16 17 18 19 50 20 21 22 
36 27  0  0 28 29 30 31 32 50 33 34 35 
49 40  0  0 41 42 43 44 45 50 46 47 48 
51 52 

10  1  0  0  2  3  4  5  6  7 50  8  9 
23 14  0  0 15 16 17 18 19 20 50 21 22 
36 27  0  0 28 29 30 31 32 33 50 34 35 
49 40  0  0 41 42 43 44 45 46 50 47 48 
51 52 

10  1  0  0  2  3  4  5  6  7  8 50  9 
23 14  0  0 15 16 17 18 19 20 21 50 22 
36 27  0  0 28 29 30 31 32 33 34 50 35 
49 40  0  0 41 42 43 44 45 46 47 50 48 
51 52 

10  1  0  0  2  3  4  5  6  7  8  9 50 
23 14  0  0 15 16 17 18 19 20 21 22 50 
36 27  0  0 28 29 30 31 32 33 34 35 50 
49 40  0  0 41 42 43 44 45 46 47 48 50 
51 52 

50 39  0  0 40 41 42 43 44 45 46 47 48 
49  0  0  0  1  2  3  4  5  6  7  8  9 
49 13  0  0 14 15 16 17 18 19 20 21 22 
49 26  0  0 27 28 29 30 31 32 33 34 35 
51 52 

49 51  0  0 40 41 42 43 44 45 46 47 48 
10 50  0  0  1  2  3  4  5  6  7  8  9 
23 50  0  0 14 15 16 17 18 19 20 21 22 
36 50  0  0 27 28 29 30 31 32 33 34 35 
52 53 

 0  0  0  0  0  0  0  0  0  0  0  0  0 
 0  0  0  0  0  0  0  0  0  0  0  0  0 
 0  0  0  0  0  0  0  0  0  0  0  0  0 
 0  0  0  0  0  0  0  0  0  0  0  0  0 
 0  0 

 0  0  0  0  0  0  0  0  0  0  0  0  0 
 0  0  0  0  0  0  0  0  0  0  0  0  0 
 0  0  0  0  0  0  0  0  0  0  0  0  0 
 0  0  0  0  0  0  0  0  0  0  0  0  0 
 0  0 

49 40  0  0 51 41 42 43 44 45 46 47 48 
10  1  0  0 50  2  3  4  5  6  7  8  9 
23 14  0  0 50 15 16 17 18 19 20 21 22 
36 27  0  0 50 28 29 30 31 32 33 34 35 
52 53 

49 40  0  0 41 51 42 43 44 45 46 47 48 
10  1  0  0  2 50  3  4  5  6  7  8  9 
23 14  0  0 15 50 16 17 18 19 20 21 22 
36 27  0  0 28 50 29 30 31 32 33 34 35 
52 53 

49 40  0  0 41 42 51 43 44 45 46 47 48 
10  1  0  0  2  3 50  4  5  6  7  8  9 
23 14  0  0 15 16 50 17 18 19 20 21 22 
36 27  0  0 28 29 50 30 31 32 33 34 35 
52 53 

49 40  0  0 41 42 43 51 44 45 46 47 48 
10  1  0  0  2  3  4 50  5  6  7  8  9 
23 14  0  0 15 16 17 50 18 19 20 21 22 
36 27  0  0 28 29 30 50 31 32 33 34 35 
52 53 

49 40  0  0 41 42 43 44 51 45 46 47 48 
10  1  0  0  2  3  4  5 50  6  7  8  9 
23 14  0  0 15 16 17 18 50 19 20 21 22 
36 27  0  0 28 29 30 31 50 32 33 34 35 
52 53 

49 40  0  0 41 42 43 44 45 51 46 47 48 
10  1  0  0  2  3  4  5  6 50  7  8  9 
23 14  0  0 15 16 17 18 19 50 20 21 22 
36 27  0  0 28 29 30 31 32 50 33 34 35 
52 53 

49 40  0  0 41 42 43 44 45 46 51 47 48 
10  1  0  0  2  3  4  5  6  7 50  8  9 
23 14  0  0 15 16 17 18 19 20 50 21 22 
36 27  0  0 28 29 30 31 32 33 50 34 35 
52 53 

49 40  0  0 41 42 43 44 45 46 47 51 48 
10  1  0  0  2  3  4  5  6  7  8 50  9 
23 14  0  0 15 16 17 18 19 20 21 50 22 
36 27  0  0 28 29 30 31 32 33 34 50 35 
52 53 

49 40  0  0 41 42 43 44 45 46 47 48 51 
10  1  0  0  2  3  4  5  6  7  8  9 50 
23 14  0  0 15 16 17 18 19 20 21 22 50 
36 27  0  0 28 29 30 31 32 33 34 35 50 
52 53 

49 48  0  0  0  1  2  3  4  5  6  7  8 
49 48  0  0 13 14 15 16 17 18 19 20 21 
49 48  0  0 26 27 28 29 30 31 32 33 34 
49 48  0  0 39 40 41 42 43 44 45 46 47 
50 51 

 0  0  0  0  0  0  0  0  0  0  0  0  0 
 0  0  0  0  0  0  0  0  0  0  0  0  0 
 0  0  0  0  0  0  0  0  0  0  0  0  0 
 0  0  0  0  0  0  0  0  0  0  0  0  0 
 0  0 

 0  0  0  0  0  0  0  0  0  0  0  0  0 
 0  0  0  0  0  0  0  0  0  0  0  0  0 
 0  0  0  0  0  0  0  0  0  0  0  0  0 
 0  0  0  0  0  0  0  0  0  0  0  0  0 
 0  0 

 0  0  0  0  0  0  0  0  0  0  0  0  0 
 0  0  0  0  0  0  0  0  0  0  0  0  0 
 0  0  0  0  0  0  0  0  0  0  0  0  0 
 0  0  0  0  0  0  0  0  0  0  0  0  0 
 0  0 

 9 49  0  0 50  1  2  3  4  5  6  7  8 
22 49  0  0 50 14 15 16 17 18 19 20 21 
35 49  0  0 50 27 28 29 30 31 32 33 34 
48 49  0  0 50 40 41 42 43 44 45 46 47 
51 52 

 9 49  0  0  1 50  2  3  4  5  6  7  8 
22 49  0  0 14 50 15 16 17 18 19 20 21 
35 49  0  0 27 50 28 29 30 31 32 33 34 
48 49  0  0 40 50 41 42 43 44 45 46 47 
51 52 

 9 49  0  0  1  2 50  3  4  5  6  7  8 
22 49  0  0 14 15 50 16 17 18 19 20 21 
35 49  0  0 27 28 50 29 30 31 32 33 34 
48 49  0  0 40 41 50 42 43 44 45 46 47 
51 52 

 9 49  0  0  1  2  3 50  4  5  6  7  8 
22 49  0  0 14 15 16 50 17 18 19 20 21 
35 49  0  0 27 28 29 50 30 31 32 33 34 
48 49  0  0 40 41 42 50 43 44 45 46 47 
51 52 

 9 49  0  0  1  2  3  4 50  5  6  7  8 
22 49  0  0 14 15 16 17 50 18 19 20 21 
35 49  0  0 27 28 29 30 50 31 32 33 34 
48 49  0  0 40 41 42 43 50 44 45 46 47 
51 52 

 9 49  0  0  1  2  3  4  5 50  6  7  8 
22 49  0  0 14 15 16 17 18 50 19 20 21 
35 49  0  0 27 28 29 30 31 50 32 33 34 
48 49  0  0 40 41 42 43 44 50 45 46 47 
51 52 

 9 49  0  0  1  2  3  4  5  6 50  7  8 
22 49  0  0 14 15 16 17 18 19 50 20 21 
35 49  0  0 27 28 29 30 31 32 50 33 34 
48 49  0  0 40 41 42 43 44 45 50 46 47 
51 52 

 9 49  0  0  1  2  3  4  5  6  7 50  8 
22 49  0  0 14 15 16 17 18 19 20 50 21 
35 49  0  0 27 28 29 30 31 32 33 50 34 
48 49  0  0 40 41 42 43 44 45 46 50 47 
51 52 

 9 49  0  0  1  2  3  4  5  6  7  8 50 
22 49  0  0 14 15 16 17 18 19 20 21 50 
35 49  0  0 27 28 29 30 31 32 33 34 50 
48 49  0  0 40 41 42 43 44 45 46 47 50 
51 52 

51 49  0  0 39 40 41 42 43 44 45 46 47 
50 48  0  0  0  1  2  3  4  5  6  7  8 
50 48  0  0 13 14 15 16 17 18 19 20 21 
50 48  0  0 26 27 28 29 30 31 32 33 34 
52 53 

 0  0  0  0  0  0  0  0  0  0  0  0  0 
 0  0  0  0  0  0  0  0  0  0  0  0  0 
 0  0  0  0  0  0  0  0  0  0  0  0  0 
 0  0  0  0  0  0  0  0  0  0  0  0  0 
 0  0 

 0  0  0  0  0  0  0  0  0  0  0  0  0 
 0  0  0  0  0  0  0  0  0  0  0  0  0 
 0  0  0  0  0  0  0  0  0  0  0  0  0 
 0  0  0  0  0  0  0  0  0  0  0  0  0 
 0  0 

 0  0  0  0  0  0  0  0  0  0  0  0  0 
 0  0  0  0  0  0  0  0  0  0  0  0  0 
 0  0  0  0  0  0  0  0  0  0  0  0  0 
 0  0  0  0  0  0  0  0  0  0  0  0  0 
 0  0 

48 50  0  0 52 40 41 42 43 44 45 46 47 
 9 49  0  0 51  1  2  3  4  5  6  7  8 
22 49  0  0 51 14 15 16 17 18 19 20 21 
35 49  0  0 51 27 28 29 30 31 32 33 34 
53 54 

48 50  0  0 40 52 41 42 43 44 45 46 47 
 9 49  0  0  1 51  2  3  4  5  6  7  8 
22 49  0  0 14 51 15 16 17 18 19 20 21 
35 49  0  0 27 51 28 29 30 31 32 33 34 
53 54 

48 50  0  0 40 41 52 42 43 44 45 46 47 
 9 49  0  0  1  2 51  3  4  5  6  7  8 
22 49  0  0 14 15 51 16 17 18 19 20 21 
35 49  0  0 27 28 51 29 30 31 32 33 34 
53 54 

48 50  0  0 40 41 42 52 43 44 45 46 47 
 9 49  0  0  1  2  3 51  4  5  6  7  8 
22 49  0  0 14 15 16 51 17 18 19 20 21 
35 49  0  0 27 28 29 51 30 31 32 33 34 
53 54 

48 50  0  0 40 41 42 43 52 44 45 46 47 
 9 49  0  0  1  2  3  4 51  5  6  7  8 
22 49  0  0 14 15 16 17 51 18 19 20 21 
35 49  0  0 27 28 29 30 51 31 32 33 34 
53 54 

48 50  0  0 40 41 42 43 44 52 45 46 47 
 9 49  0  0  1  2  3  4  5 51  6  7  8 
22 49  0  0 14 15 16 17 18 51 19 20 21 
35 49  0  0 27 28 29 30 31 51 32 33 34 
53 54 

48 50  0  0 40 41 42 43 44 45 52 46 47 
 9 49  0  0  1  2  3  4  5  6 51  7  8 
22 49  0  0 14 15 16 17 18 19 51 20 21 
35 49  0  0 27 28 29 30 31 32 51 33 34 
53 54 

48 50  0  0 40 41 42 43 44 45 46 52 47 
 9 49  0  0  1  2  3  4  5  6  7 51  8 
22 49  0  0 14 15 16 17 18 19 20 51 21 
35 49  0  0 27 28 29 30 31 32 33 51 34 
53 54 

48 50  0  0 40 41 42 43 44 45 46 47 52 
 9 49  0  0  1  2  3  4  5  6  7  8 51 
22 49  0  0 14 15 16 17 18 19 20 21 51 
35 49  0  0 27 28 29 30 31 32 33 34 51 
53 54 

55  0  1  2  3  4  5  6  7  8  9 10 11 
56 13 14 15 16 17 18 19 20 21 22 23 24 
57 26 27 28 29 30 31 32 33 34 35 36 37 
58 39 40 41 42 43 44 45 46 47 48 49 50 
64 65 

12 56  1  2  3  4  5  6  7  8  9 10 11 
25 57 14 15 16 17 18 19 20 21 22 23 24 
38 58 27 28 29 30 31 32 33 34 35 36 37 
51 59 40 41 42 43 44 45 46 47 48 49 50 
65 66 

12  1 56  2  3  4  5  6  7  8  9 10 11 
25 14 57 15 16 17 18 19 20 21 22 23 24 
38 27 58 28 29 30 31 32 33 34 35 36 37 
51 40 59 41 42 43 44 45 46 47 48 49 50 
65 66 

12  1  2 56  3  4  5  6  7  8  9 10 11 
25 14 15 57 16 17 18 19 20 21 22 23 24 
38 27 28 58 29 30 31 32 33 34 35 36 37 
51 40 41 59 42 43 44 45 46 47 48 49 50 
65 66 

12  1  2  3 56  4  5  6  7  8  9 10 11 
25 14 15 16 57 17 18 19 20 21 22 23 24 
38 27 28 29 58 30 31 32 33 34 35 36 37 
51 40 41 42 59 43 44 45 46 47 48 49 50 
65 66 

12  1  2  3  4 56  5  6  7  8  9 10 11 
25 14 15 16 17 57 18 19 20 21 22 23 24 
38 27 28 29 30 58 31 32 33 34 35 36 37 
51 40 41 42 43 59 44 45 46 47 48 49 50 
65 66 

12  1  2  3  4  5 56  6  7  8  9 10 11 
25 14 15 16 17 18 57 19 20 21 22 23 24 
38 27 28 29 30 31 58 32 33 34 35 36 37 
51 40 41 42 43 44 59 45 46 47 48 49 50 
65 66 

12  1  2  3  4  5  6 56  7  8  9 10 11 
25 14 15 16 17 18 19 57 20 21 22 23 24 
38 27 28 29 30 31 32 58 33 34 35 36 37 
51 40 41 42 43 44 45 59 46 47 48 49 50 
65 66 

12  1  2  3  4  5  6  7 56  8  9 10 11 
25 14 15 16 17 18 19 20 57 21 22 23 24 
38 27 28 29 30 31 32 33 58 34 35 36 37 
51 40 41 42 43 44 45 46 59 47 48 49 50 
65 66 

12  1  2  3  4  5  6  7  8 56  9 10 11 
25 14 15 16 17 18 19 20 21 57 22 23 24 
38 27 28 29 30 31 32 33 34 58 35 36 37 
51 40 41 42 43 44 45 46 47 59 48 49 50 
65 66 

12  1  2  3  4  5  6  7  8  9 56 10 11 
25 14 15 16 17 18 19 20 21 22 57 23 24 
38 27 28 29 30 31 32 33 34 35 58 36 37 
51 40 41 42 43 44 45 46 47 48 59 49 50 
65 66 

12  1  2  3  4  5  6  7  8  9 10 56 11 
25 14 15 16 17 18 19 20 21 22 23 57 24 
38 27 28 29 30 31 32 33 34 35 36 58 37 
51 40 41 42 43 44 45 46 47 48 49 59 50 
65 66 

12  1  2  3  4  5  6  7  8  9 10 11 56 
25 14 15 16 17 18 19 20 21 22 23 24 57 
38 27 28 29 30 31 32 33 34 35 36 37 58 
51 40 41 42 43 44 45 46 47 48 49 50 59 
65 66 

59 39 40 41 42 43 44 45 46 47 48 49 50 
55  0  1  2  3  4  5  6  7  8  9 10 11 
56 13 14 15 16 17 18 19 20 21 22 23 24 
57 26 27 28 29 30 31 32 33 34 35 36 37 
65 66 

51 60 40 41 42 43 44 45 46 47 48 49 50 
12 56  1  2  3  4  5  6  7  8  9 10 11 
25 57 14 15 16 17 18 19 20 21 22 23 24 
38 58 27 28 29 30 31 32 33 34 35 36 37 
66 67 

51 40 60 41 42 43 44 45 46 47 48 49 50 
12  1 56  2  3  4  5  6  7  8  9 10 11 
25 14 57 15 16 17 18 19 20 21 22 23 24 
38 27 58 28 29 30 31 32 33 34 35 36 37 
66 67 

51 40 41 60 42 43 44 45 46 47 48 49 50 
12  1  2 56  3  4  5  6  7  8  9 10 11 
25 14 15 57 16 17 18 19 20 21 22 23 24 
38 27 28 58 29 30 31 32 33 34 35 36 37 
66 67 

51 40 41 42 60 43 44 45 46 47 48 49 50 
12  1  2  3 56  4  5  6  7  8  9 10 11 
25 14 15 16 57 17 18 19 20 21 22 23 24 
38 27 28 29 58 30 31 32 33 34 35 36 37 
66 67 

51 40 41 42 43 60 44 45 46 47 48 49 50 
12  1  2  3  4 56  5  6  7  8  9 10 11 
25 14 15 16 17 57 18 19 20 21 22 23 24 
38 27 28 29 30 58 31 32 33 34 35 36 37 
66 67 

51 40 41 42 43 44 60 45 46 47 48 49 50 
12  1  2  3  4  5 56  6  7  8  9 10 11 
25 14 15 16 17 18 57 19 20 21 22 23 24 
38 27 28 29 30 31 58 32 33 34 35 36 37 
66 67 

51 40 41 42 43 44 45 60 46 47 48 49 50 
12  1  2  3  4  5  6 56  7  8  9 10 11 
25 14 15 16 17 18 19 57 20 21 22 23 24 
38 27 28 29 30 31 32 58 33 34 35 36 37 
66 67 

51 40 41 42 43 44 45 46 60 47 48 49 50 
12  1  2  3  4  5  6  7 56  8  9 10 11 
25 14 15 16 17 18 19 20 57 21 22 23 24 
38 27 28 29 30 31 32 33 58 34 35 36 37 
66 67 

51 40 41 42 43 44 45 46 47 60 48 49 50 
12  1  2  3  4  5  6  7  8 56  9 10 11 
25 14 15 16 17 18 19 20 21 57 22 23 24 
38 27 28 29 30 31 32 33 34 58 35 36 37 
66 67 

51 40 41 42 43 44 45 46 47 48 60 49 50 
12  1  2  3  4  5  6  7  8  9 56 10 11 
25 14 15 16 17 18 19 20 21 22 57 23 24 
38 27 28 29 30 31 32 33 34 35 58 36 37 
66 67 

51 40 41 42 43 44 45 46 47 48 49 60 50 
12  1  2  3  4  5  6  7  8  9 10 56 11 
25 14 15 16 17 18 19 20 21 22 23 57 24 
38 27 28 29 30 31 32 33 34 35 36 58 37 
66 67 

51 40 41 42 43 44 45 46 47 48 49 50 60 
12  1  2  3  4  5  6  7  8  9 10 11 56 
25 14 15 16 17 18 19 20 21 22 23 24 57 
38 27 28 29 30 31 32 33 34 35 36 37 58 
66 67 

55 50  0  1  2  3  4  5  6  7  8  9 10 
56 51 13 14 15 16 17 18 19 20 21 22 23 
57 52 26 27 28 29 30 31 32 33 34 35 36 
58 53 39 40 41 42 43 44 45 46 47 48 49 
64 65 

 0  0  0  0  0  0  0  0  0  0  0  0  0 
 0  0  0  0  0  0  0  0  0  0  0  0  0 
 0  0  0  0  0  0  0  0  0  0  0  0  0 
 0  0  0  0  0  0  0  0  0  0  0  0  0 
 0  0 

11 51 56  1  2  3  4  5  6  7  8  9 10 
24 52 57 14 15 16 17 18 19 20 21 22 23 
37 53 58 27 28 29 30 31 32 33 34 35 36 
50 54 59 40 41 42 43 44 45 46 47 48 49 
65 66 

11 51  1 56  2  3  4  5  6  7  8  9 10 
24 52 14 57 15 16 17 18 19 20 21 22 23 
37 53 27 58 28 29 30 31 32 33 34 35 36 
50 54 40 59 41 42 43 44 45 46 47 48 49 
65 66 

11 51  1  2 56  3  4  5  6  7  8  9 10 
24 52 14 15 57 16 17 18 19 20 21 22 23 
37 53 27 28 58 29 30 31 32 33 34 35 36 
50 54 40 41 59 42 43 44 45 46 47 48 49 
65 66 

11 51  1  2  3 56  4  5  6  7  8  9 10 
24 52 14 15 16 57 17 18 19 20 21 22 23 
37 53 27 28 29 58 30 31 32 33 34 35 36 
50 54 40 41 42 59 43 44 45 46 47 48 49 
65 66 

11 51  1  2  3  4 56  5  6  7  8  9 10 
24 52 14 15 16 17 57 18 19 20 21 22 23 
37 53 27 28 29 30 58 31 32 33 34 35 36 
50 54 40 41 42 43 59 44 45 46 47 48 49 
65 66 

11 51  1  2  3  4  5 56  6  7  8  9 10 
24 52 14 15 16 17 18 57 19 20 21 22 23 
37 53 27 28 29 30 31 58 32 33 34 35 36 
50 54 40 41 42 43 44 59 45 46 47 48 49 
65 66 

11 51  1  2  3  4  5  6 56  7  8  9 10 
24 52 14 15 16 17 18 19 57 20 21 22 23 
37 53 27 28 29 30 31 32 58 33 34 35 36 
50 54 40 41 42 43 44 45 59 46 47 48 49 
65 66 

11 51  1  2  3  4  5  6  7 56  8  9 10 
24 52 14 15 16 17 18 19 20 57 21 22 23 
37 53 27 28 29 30 31 32 33 58 34 35 36 
50 54 40 41 42 43 44 45 46 59 47 48 49 
65 66 

11 51  1  2  3  4  5  6  7  8 56  9 10 
24 52 14 15 16 17 18 19 20 21 57 22 23 
37 53 27 28 29 30 31 32 33 34 58 35 36 
50 54 40 41 42 43 44 45 46 47 59 48 49 
65 66 

11 51  1  2  3  4  5  6  7  8  9 56 10 
24 52 14 15 16 17 18 19 20 21 22 57 23 
37 53 27 28 29 30 31 32 33 34 35 58 36 
50 54 40 41 42 43 44 45 46 47 48 59 49 
65 66 

11 51  1  2  3  4  5  6  7  8  9 10 56 
24 52 14 15 16 17 18 19 20 21 22 23 57 
37 53 27 28 29 30 31 32 33 34 35 36 58 
50 54 40 41 42 43 44 45 46 47 48 49 59 
65 66 

60 54 39 40 41 42 43 44 45 46 47 48 49 
56 50  0  1  2  3  4  5  6  7  8  9 10 
57 51 13 14 15 16 17 18 19 20 21 22 23 
58 52 26 27 28 29 30 31 32 33 34 35 36 
66 67 

 0  0  0  0  0  0  0  0  0  0  0  0  0 
 0  0  0  0  0  0  0  0  0  0  0  0  0 
 0  0  0  0  0  0  0  0  0  0  0  0  0 
 0  0  0  0  0  0  0  0  0  0  0  0  0 
 0  0 

50 55 61 40 41 42 43 44 45 46 47 48 49 
11 51 57  1  2  3  4  5  6  7  8  9 10 
24 52 58 14 15 16 17 18 19 20 21 22 23 
37 53 59 27 28 29 30 31 32 33 34 35 36 
67 68 

50 55 40 61 41 42 43 44 45 46 47 48 49 
11 51  1 57  2  3  4  5  6  7  8  9 10 
24 52 14 58 15 16 17 18 19 20 21 22 23 
37 53 27 59 28 29 30 31 32 33 34 35 36 
67 68 

50 55 40 41 61 42 43 44 45 46 47 48 49 
11 51  1  2 57  3  4  5  6  7  8  9 10 
24 52 14 15 58 16 17 18 19 20 21 22 23 
37 53 27 28 59 29 30 31 32 33 34 35 36 
67 68 

50 55 40 41 42 61 43 44 45 46 47 48 49 
11 51  1  2  3 57  4  5  6  7  8  9 10 
24 52 14 15 16 58 17 18 19 20 21 22 23 
37 53 27 28 29 59 30 31 32 33 34 35 36 
67 68 

50 55 40 41 42 43 61 44 45 46 47 48 49 
11 51  1  2  3  4 57  5  6  7  8  9 10 
24 52 14 15 16 17 58 18 19 20 21 22 23 
37 53 27 28 29 30 59 31 32 33 34 35 36 
67 68 

50 55 40 41 42 43 44 61 45 46 47 48 49 
11 51  1  2  3  4  5 57  6  7  8  9 10 
24 52 14 15 16 17 18 58 19 20 21 22 23 
37 53 27 28 29 30 31 59 32 33 34 35 36 
67 68 

50 55 40 41 42 43 44 45 61 46 47 48 49 
11 51  1  2  3  4  5  6 57  7  8  9 10 
24 52 14 15 16 17 18 19 58 20 21 22 23 
37 53 27 28 29 30 31 32 59 33 34 35 36 
67 68 

50 55 40 41 42 43 44 45 46 61 47 48 49 
11 51  1  2  3  4  5  6  7 57  8  9 10 
24 52 14 15 16 17 18 19 20 58 21 22 23 
37 53 27 28 29 30 31 32 33 59 34 35 36 
67 68 

50 55 40 41 42 43 44 45 46 47 61 48 49 
11 51  1  2  3  4  5  6  7  8 57  9 10 
24 52 14 15 16 17 18 19 20 21 58 22 23 
37 53 27 28 29 30 31 32 33 34 59 35 36 
67 68 

50 55 40 41 42 43 44 45 46 47 48 61 49 
11 51  1  2  3  4  5  6  7  8  9 57 10 
24 52 14 15 16 17 18 19 20 21 22 58 23 
37 53 27 28 29 30 31 32 33 34 35 59 36 
67 68 

50 55 40 41 42 43 44 45 46 47 48 49 61 
11 51  1  2  3  4  5  6  7  8  9 10 57 
24 52 14 15 16 17 18 19 20 21 22 23 58 
37 53 27 28 29 30 31 32 33 34 35 36 59 
67 68 

53  0  0  0  1  2  3  4  5  6  7  8  9 
54 13  0  0 14 15 16 17 18 19 20 21 22 
55 26  0  0 27 28 29 30 31 32 33 34 35 
56 39  0  0 40 41 42 43 44 45 46 47 48 
62 63 

10 54  0  0  1  2  3  4  5  6  7  8  9 
23 55  0  0 14 15 16 17 18 19 20 21 22 
36 56  0  0 27 28 29 30 31 32 33 34 35 
49 57  0  0 40 41 42 43 44 45 46 47 48 
63 64 

 0  0  0  0  0  0  0  0  0  0  0  0  0 
 0  0  0  0  0  0  0  0  0  0  0  0  0 
 0  0  0  0  0  0  0  0  0  0  0  0  0 
 0  0  0  0  0  0  0  0  0  0  0  0  0 
 0  0 

 0  0  0  0  0  0  0  0  0  0  0  0  0 
 0  0  0  0  0  0  0  0  0  0  0  0  0 
 0  0  0  0  0  0  0  0  0  0  0  0  0 
 0  0  0  0  0  0  0  0  0  0  0  0  0 
 0  0 

10  1  0  0 54  2  3  4  5  6  7  8  9 
23 14  0  0 55 15 16 17 18 19 20 21 22 
36 27  0  0 56 28 29 30 31 32 33 34 35 
49 40  0  0 57 41 42 43 44 45 46 47 48 
63 64 

10  1  0  0  2 54  3  4  5  6  7  8  9 
23 14  0  0 15 55 16 17 18 19 20 21 22 
36 27  0  0 28 56 29 30 31 32 33 34 35 
49 40  0  0 41 57 42 43 44 45 46 47 48 
63 64 

10  1  0  0  2  3 54  4  5  6  7  8  9 
23 14  0  0 15 16 55 17 18 19 20 21 22 
36 27  0  0 28 29 56 30 31 32 33 34 35 
49 40  0  0 41 42 57 43 44 45 46 47 48 
63 64 

10  1  0  0  2  3  4 54  5  6  7  8  9 
23 14  0  0 15 16 17 55 18 19 20 21 22 
36 27  0  0 28 29 30 56 31 32 33 34 35 
49 40  0  0 41 42 43 57 44 45 46 47 48 
63 64 

10  1  0  0  2  3  4  5 54  6  7  8  9 
23 14  0  0 15 16 17 18 55 19 20 21 22 
36 27  0  0 28 29 30 31 56 32 33 34 35 
49 40  0  0 41 42 43 44 57 45 46 47 48 
63 64 

10  1  0  0  2  3  4  5  6 54  7  8  9 
23 14  0  0 15 16 17 18 19 55 20 21 22 
36 27  0  0 28 29 30 31 32 56 33 34 35 
49 40  0  0 41 42 43 44 45 57 46 47 48 
63 64 

10  1  0  0  2  3  4  5  6  7 54  8  9 
23 14  0  0 15 16 17 18 19 20 55 21 22 
36 27  0  0 28 29 30 31 32 33 56 34 35 
49 40  0  0 41 42 43 44 45 46 57 47 48 
63 64 

10  1  0  0  2  3  4  5  6  7  8 54  9 
23 14  0  0 15 16 17 18 19 20 21 55 22 
36 27  0  0 28 29 30 31 32 33 34 56 35 
49 40  0  0 41 42 43 44 45 46 47 57 48 
63 64 

10  1  0  0  2  3  4  5  6  7  8  9 54 
23 14  0  0 15 16 17 18 19 20 21 22 55 
36 27  0  0 28 29 30 31 32 33 34 35 56 
49 40  0  0 41 42 43 44 45 46 47 48 57 
63 64 

57 39  0  0 40 41 42 43 44 45 46 47 48 
53  0  0  0  1  2  3  4  5  6  7  8  9 
54 13  0  0 14 15 16 17 18 19 20 21 22 
55 26  0  0 27 28 29 30 31 32 33 34 35 
63 64 

49 58  0  0 40 41 42 43 44 45 46 47 48 
10 54  0  0  1  2  3  4  5  6  7  8  9 
23 55  0  0 14 15 16 17 18 19 20 21 22 
36 56  0  0 27 28 29 30 31 32 33 34 35 
64 65 

 0  0  0  0  0  0  0  0  0  0  0  0  0 
 0  0  0  0  0  0  0  0  0  0  0  0  0 
 0  0  0  0  0  0  0  0  0  0  0  0  0 
 0  0  0  0  0  0  0  0  0  0  0  0  0 
 0  0 

 0  0  0  0  0  0  0  0  0  0  0  0  0 
 0  0  0  0  0  0  0  0  0  0  0  0  0 
 0  0  0  0  0  0  0  0  0  0  0  0  0 
 0  0  0  0  0  0  0  0  0  0  0  0  0 
 0  0 

49 40  0  0 58 41 42 43 44 45 46 47 48 
10  1  0  0 54  2  3  4  5  6  7  8  9 
23 14  0  0 55 15 16 17 18 19 20 21 22 
36 27  0  0 56 28 29 30 31 32 33 34 35 
64 65 

49 40  0  0 41 58 42 43 44 45 46 47 48 
10  1  0  0  2 54  3  4  5  6  7  8  9 
23 14  0  0 15 55 16 17 18 19 20 21 22 
36 27  0  0 28 56 29 30 31 32 33 34 35 
64 65 

49 40  0  0 41 42 58 43 44 45 46 47 48 
10  1  0  0  2  3 54  4  5  6  7  8  9 
23 14  0  0 15 16 55 17 18 19 20 21 22 
36 27  0  0 28 29 56 30 31 32 33 34 35 
64 65 

49 40  0  0 41 42 43 58 44 45 46 47 48 
10  1  0  0  2  3  4 54  5  6  7  8  9 
23 14  0  0 15 16 17 55 18 19 20 21 22 
36 27  0  0 28 29 30 56 31 32 33 34 35 
64 65 

49 40  0  0 41 42 43 44 58 45 46 47 48 
10  1  0  0  2  3  4  5 54  6  7  8  9 
23 14  0  0 15 16 17 18 55 19 20 21 22 
36 27  0  0 28 29 30 31 56 32 33 34 35 
64 65 

49 40  0  0 41 42 43 44 45 58 46 47 48 
10  1  0  0  2  3  4  5  6 54  7  8  9 
23 14  0  0 15 16 17 18 19 55 20 21 22 
36 27  0  0 28 29 30 31 32 56 33 34 35 
64 65 

49 40  0  0 41 42 43 44 45 46 58 47 48 
10  1  0  0  2  3  4  5  6  7 54  8  9 
23 14  0  0 15 16 17 18 19 20 55 21 22 
36 27  0  0 28 29 30 31 32 33 56 34 35 
64 65 

49 40  0  0 41 42 43 44 45 46 47 58 48 
10  1  0  0  2  3  4  5  6  7  8 54  9 
23 14  0  0 15 16 17 18 19 20 21 55 22 
36 27  0  0 28 29 30 31 32 33 34 56 35 
64 65 

49 40  0  0 41 42 43 44 45 46 47 48 58 
10  1  0  0  2  3  4  5  6  7  8  9 54 
23 14  0  0 15 16 17 18 19 20 21 22 55 
36 27  0  0 28 29 30 31 32 33 34 35 56 
64 65 

53 48  0  0  0  1  2  3  4  5  6  7  8 
54 49  0  0 13 14 15 16 17 18 19 20 21 
55 50  0  0 26 27 28 29 30 31 32 33 34 
56 51  0  0 39 40 41 42 43 44 45 46 47 
62 63 

 0  0  0  0  0  0  0  0  0  0  0  0  0 
 0  0  0  0  0  0  0  0  0  0  0  0  0 
 0  0  0  0  0  0  0  0  0  0  0  0  0 
 0  0  0  0  0  0  0  0  0  0  0  0  0 
 0  0 

 0  0  0  0  0  0  0  0  0  0  0  0  0 
 0  0  0  0  0  0  0  0  0  0  0  0  0 
 0  0  0  0  0  0  0  0  0  0  0  0  0 
 0  0  0  0  0  0  0  0  0  0  0  0  0 
 0  0 

 0  0  0  0  0  0  0  0  0  0  0  0  0 
 0  0  0  0  0  0  0  0  0  0  0  0  0 
 0  0  0  0  0  0  0  0  0  0  0  0  0 
 0  0  0  0  0  0  0  0  0  0  0  0  0 
 0  0 

 9 49  0  0 54  1  2  3  4  5  6  7  8 
22 50  0  0 55 14 15 16 17 18 19 20 21 
35 51  0  0 56 27 28 29 30 31 32 33 34 
48 52  0  0 57 40 41 42 43 44 45 46 47 
63 64 

 9 49  0  0  1 54  2  3  4  5  6  7  8 
22 50  0  0 14 55 15 16 17 18 19 20 21 
35 51  0  0 27 56 28 29 30 31 32 33 34 
48 52  0  0 40 57 41 42 43 44 45 46 47 
63 64 

 9 49  0  0  1  2 54  3  4  5  6  7  8 
22 50  0  0 14 15 55 16 17 18 19 20 21 
35 51  0  0 27 28 56 29 30 31 32 33 34 
48 52  0  0 40 41 57 42 43 44 45 46 47 
63 64 

 9 49  0  0  1  2  3 54  4  5  6  7  8 
22 50  0  0 14 15 16 55 17 18 19 20 21 
35 51  0  0 27 28 29 56 30 31 32 33 34 
48 52  0  0 40 41 42 57 43 44 45 46 47 
63 64 

 9 49  0  0  1  2  3  4 54  5  6  7  8 
22 50  0  0 14 15 16 17 55 18 19 20 21 
35 51  0  0 27 28 29 30 56 31 32 33 34 
48 52  0  0 40 41 42 43 57 44 45 46 47 
63 64 

 9 49  0  0  1  2  3  4  5 54  6  7  8 
22 50  0  0 14 15 16 17 18 55 19 20 21 
35 51  0  0 27 28 29 30 31 56 32 33 34 
48 52  0  0 40 41 42 43 44 57 45 46 47 
63 64 

 9 49  0  0  1  2  3  4  5  6 54  7  8 
22 50  0  0 14 15 16 17 18 19 55 20 21 
35 51  0  0 27 28 29 30 31 32 56 33 34 
48 52  0  0 40 41 42 43 44 45 57 46 47 
63 64 

 9 49  0  0  1  2  3  4  5  6  7 54  8 
22 50  0  0 14 15 16 17 18 19 20 55 21 
35 51  0  0 27 28 29 30 31 32 33 56 34 
48 52  0  0 40 41 42 43 44 45 46 57 47 
63 64 

 9 49  0  0  1  2  3  4  5  6  7  8 54 
22 50  0  0 14 15 16 17 18 19 20 21 55 
35 51  0  0 27 28 29 30 31 32 33 34 56 
48 52  0  0 40 41 42 43 44 45 46 47 57 
63 64 

58 52  0  0 39 40 41 42 43 44 45 46 47 
54 48  0  0  0  1  2  3  4  5  6  7  8 
55 49  0  0 13 14 15 16 17 18 19 20 21 
56 50  0  0 26 27 28 29 30 31 32 33 34 
64 65 

 0  0  0  0  0  0  0  0  0  0  0  0  0 
 0  0  0  0  0  0  0  0  0  0  0  0  0 
 0  0  0  0  0  0  0  0  0  0  0  0  0 
 0  0  0  0  0  0  0  0  0  0  0  0  0 
 0  0 

 0  0  0  0  0  0  0  0  0  0  0  0  0 
 0  0  0  0  0  0  0  0  0  0  0  0  0 
 0  0  0  0  0  0  0  0  0  0  0  0  0 
 0  0  0  0  0  0  0  0  0  0  0  0  0 
 0  0 

 0  0  0  0  0  0  0  0  0  0  0  0  0 
 0  0  0  0  0  0  0  0  0  0  0  0  0 
 0  0  0  0  0  0  0  0  0  0  0  0  0 
 0  0  0  0  0  0  0  0  0  0  0  0  0 
 0  0 

48 53  0  0 59 40 41 42 43 44 45 46 47 
 9 49  0  0 55  1  2  3  4  5  6  7  8 
22 50  0  0 56 14 15 16 17 18 19 20 21 
35 51  0  0 57 27 28 29 30 31 32 33 34 
65 66 

48 53  0  0 40 59 41 42 43 44 45 46 47 
 9 49  0  0  1 55  2  3  4  5  6  7  8 
22 50  0  0 14 56 15 16 17 18 19 20 21 
35 51  0  0 27 57 28 29 30 31 32 33 34 
65 66 

48 53  0  0 40 41 59 42 43 44 45 46 47 
 9 49  0  0  1  2 55  3  4  5  6  7  8 
22 50  0  0 14 15 56 16 17 18 19 20 21 
35 51  0  0 27 28 57 29 30 31 32 33 34 
65 66 

48 53  0  0 40 41 42 59 43 44 45 46 47 
 9 49  0  0  1  2  3 55  4  5  6  7  8 
22 50  0  0 14 15 16 56 17 18 19 20 21 
35 51  0  0 27 28 29 57 30 31 32 33 34 
65 66 

48 53  0  0 40 41 42 43 59 44 45 46 47 
 9 49  0  0  1  2  3  4 55  5  6  7  8 
22 50  0  0 14 15 16 17 56 18 19 20 21 
35 51  0  0 27 28 29 30 57 31 32 33 34 
65 66 

48 53  0  0 40 41 42 43 44 59 45 46 47 
 9 49  0  0  1  2  3  4  5 55  6  7  8 
22 50  0  0 14 15 16 17 18 56 19 20 21 
35 51  0  0 27 28 29 30 31 57 32 33 34 
65 66 

48 53  0  0 40 41 42 43 44 45 59 46 47 
 9 49  0  0  1  2  3  4  5  6 55  7  8 
22 50  0  0 14 15 16 17 18 19 56 20 21 
35 51  0  0 27 28 29 30 31 32 57 33 34 
65 66 

48 53  0  0 40 41 42 43 44 45 46 59 47 
 9 49  0  0  1  2  3  4  5  6  7 55  8 
22 50  0  0 14 15 16 17 18 19 20 56 21 
35 51  0  0 27 28 29 30 31 32 33 57 34 
65 66 

48 53  0  0 40 41 42 43 44 45 46 47 59 
 9 49  0  0  1  2  3  4  5  6  7  8 55 
22 50  0  0 14 15 16 17 18 19 20 21 56 
35 51  0  0 27 28 29 30 31 32 33 34 57 
65 66 
